loops	prediction	trackerror	treesize	prunetreesize	prunetime	bestcost	time
1.0	0.0	0.0	407.0	0.0	3.2e-05	inf	1.0
2.0	0.0	0.00035911976731994925	897.0	238.0	0.000447	inf	2.0
3.0	0.48	0.1042446811463831	1912.0	10.0	0.000383	inf	3.0
4.0	0.56	0.03592571959621825	866.0	13.0	0.000439	inf	4.0
5.0	0.24	0.09216732546436994	785.0	13.0	0.000409	inf	5.0
6.0	0.12	0.08277093906127167	303.0	12.0	0.000225	inf	6.0
7.0	0.28	0.12308588783293241	445.0	14.0	0.000251	inf	7.0
8.0	0.16	0.10762959387004067	734.0	14.0	0.000455	inf	8.0
9.0	0.24	0.042952468430928085	618.0	14.0	0.000257	inf	9.0
10.0	0.32	0.13774604969667878	466.0	13.0	0.000459	inf	10.0
11.0	0.16	0.04941738043613392	1778.0	10.0	0.000293	inf	11.0
12.0	0.32	0.07606817865473683	4421.0	8.0	0.000992	inf	12.0
13.0	0.4	0.040506018518157806	7086.0	4.0	0.002136	inf	13.0
14.0	3.6000000000000014	0.06901246305831717	1122.0	7086.0	0.005562	inf	14.0
15.0	0.0	0.004841750725399627	831.0	1118.0	0.001084	inf	15.0
16.0	0.0	0.12512160025160482	1615.0	1.0	0.000552	inf	16.0
17.0	0.72	0.07670698175518799	882.0	1615.0	0.001409	inf	17.0
18.0	0.0	0.032423712264632414	614.0	863.0	0.000769	inf	18.0
19.0	0.36	0.13842262868786775	813.0	1.0	0.000378	inf	19.0
20.0	0.24	0.19824396715954248	1493.0	12.0	0.000758	inf	20.0
21.0	0.16	0.2921206732076173	1837.0	13.0	0.000882	inf	21.0
22.0	0.32	0.2138288876122699	2432.0	13.0	0.001039	inf	22.0
23.0	0.24	0.18944937252060445	3207.0	14.0	0.001496	inf	23.0
24.0	0.24	0.0981782410211498	3761.0	14.0	0.002108	inf	24.0
25.0	0.16	0.283789592966357	3861.0	15.0	0.002208	inf	25.0
26.0	0.36000000000000004	0.2554179152924976	4384.0	15.0	0.002213	inf	26.0
27.0	0.4	0.21488468339751932	5357.0	15.0	0.002653	inf	27.0
28.0	0.12	0.21762605421431072	5986.0	13.0	0.003407	inf	28.0
29.0	0.16	0.14209754727529667	6606.0	11.0	0.003569	inf	29.0
30.0	0.24	0.12310294838378395	6909.0	11.0	0.004067	inf	30.0
31.0	0.24	0.1503908665405727	7157.0	9.0	0.004081	inf	31.0
32.0	0.32	0.12972487435122224	7714.0	10.0	0.003724	inf	32.0
33.0	0.2	0.1246795615143303	8080.0	12.0	0.004939	inf	33.0
34.0	0.24	0.07337848069378501	8353.0	13.0	0.005303	inf	34.0
35.0	0.24	0.1316996455332428	8933.0	13.0	0.005052	inf	35.0
36.0	0.24	0.06717891733385208	4543.0	13.0	0.004096	inf	36.0
37.0	0.16	0.1399189346988719	5433.0	12.0	0.002839	inf	37.0
38.0	0.28	0.032309547790363255	4065.0	11.0	0.002926	inf	38.0
39.0	0.16	0.12551093308218078	4470.0	14.0	0.003257	inf	39.0
40.0	0.48	0.08844075085138653	5150.0	13.0	0.002836	inf	40.0
41.0	0.2	0.14226018582458164	5662.0	16.0	0.00312	inf	41.0
42.0	0.2	0.06585582631162216	5715.0	15.0	0.003042	inf	42.0
43.0	0.16	0.15066161044867613	2244.0	13.0	0.00257	inf	43.0
44.0	0.24	0.10489324701925515	2655.0	14.0	0.00126	inf	44.0
45.0	0.24	0.10966349986477485	2391.0	14.0	0.001712	inf	45.0
46.0	0.28	0.17290852941508583	2796.0	13.0	0.002133	inf	46.0
47.0	0.2	0.14964321207879352	2118.0	12.0	0.001324	inf	47.0
48.0	0.16	0.11456799370609745	2449.0	12.0	0.001548	inf	48.0
49.0	0.28	0.07285405635288858	2066.0	13.0	0.001263	inf	49.0
50.0	0.28	0.06163821842966485	953.0	13.0	0.000931	inf	50.0
51.0	0.24	0.3127574510529682	645.0	15.0	0.000397	inf	51.0
52.0	0.28	0.1370421771595559	898.0	14.0	0.00036	inf	52.0
53.0	0.2	0.14567437282745416	719.0	14.0	0.000319	inf	53.0
54.0	0.16	0.09520721692584697	865.0	13.0	0.000273	inf	54.0
55.0	0.28	0.16862559220094359	1013.0	14.0	0.000354	inf	55.0
56.0	0.28	0.09789834674698429	940.0	17.0	0.000456	inf	56.0
57.0	0.24	0.10842973023581114	991.0	18.0	0.000554	inf	57.0
58.0	0.16	0.1671463221742525	766.0	18.0	0.000583	inf	58.0
59.0	0.2	0.06259122314880118	1067.0	18.0	0.000331	inf	59.0
60.0	0.28	0.05918040244714393	626.0	17.0	0.000385	inf	60.0
61.0	0.16	0.10713856157010314	763.0	15.0	0.000321	inf	61.0
62.0	0.28	0.13815543019050308	1509.0	14.0	0.000229	inf	62.0
63.0	0.32	0.0952726310920424	753.0	13.0	0.00043	inf	63.0
64.0	0.28	0.14765372188664225	1043.0	10.0	0.000337	inf	64.0
65.0	0.36	0.07774266772727124	1644.0	10.0	0.000548	inf	65.0
66.0	0.2	0.18645825300473678	295.0	8.0	0.000688	inf	66.0
67.0	0.12	0.14786881087368606	1134.0	6.0	0.000374	inf	67.0
68.0	0.68	0.11455371320533964	491.0	6.0	0.000426	inf	68.0
69.0	0.0	0.1408914637994696	385.0	12.0	0.000281	inf	69.0
70.0	0.2	0.06048106019974369	242.0	13.0	0.000218	inf	70.0
71.0	0.44	0.18395777028131136	316.0	14.0	0.000231	inf	71.0
72.0	0.16	0.10181841149783709	417.0	14.0	0.000202	inf	72.0
73.0	0.16	0.05848478126430923	781.0	10.0	0.000333	inf	73.0
74.0	0.16	0.09064541017768407	555.0	9.0	0.000194	inf	74.0
75.0	0.16	0.07644861893958652	1238.0	8.0	0.0004	inf	75.0
76.0	0.12	0.10314723816809572	811.0	6.0	0.000622	inf	76.0
77.0	0.56	0.07199076582044703	1333.0	6.0	0.000594	inf	77.0
78.0	0.16	0.020470388456807615	433.0	4.0	0.000462	inf	78.0
79.0	0.2	0.01462449263700396	1038.0	4.0	0.000362	inf	79.0
80.0	0.28	0.08541054925646809	1795.0	3.0	0.000753	inf	80.0
81.0	0.0	0.0833723387464255	2393.0	2.0	0.001201	inf	81.0
82.0	15.079999999999997	0.10034188663493172	786.0	2393.0	0.002111	inf	82.0
83.0	0.0	0.10034723998951697	1313.0	14.0	0.000572	inf	83.0
84.0	0.0	0.14903218742312063	1735.0	1.0	0.000989	inf	84.0
85.0	0.36	0.08060023002208003	436.0	1735.0	0.001108	inf	85.0
86.0	0.0	0.04094926461473556	523.0	37.0	0.000367	inf	86.0
87.0	0.36	0.1294333555286745	296.0	523.0	0.00052	inf	87.0
88.0	0.0	0.0816527379594496	304.0	293.0	0.000263	inf	88.0
89.0	0.48	0.13677563658388403	727.0	304.0	0.000387	inf	89.0
90.0	0.0	0.09447311414500355	631.0	715.0	0.000683	inf	90.0
91.0	0.36	0.0733457839245086	394.0	631.0	0.00057	inf	91.0
92.0	0.0	0.06116585987777973	534.0	347.0	0.000548	inf	92.0
93.0	0.48	0.11476764133273588	416.0	1.0	0.000404	inf	93.0
94.0	0.16	0.03595862650401583	1019.0	6.0	0.000332	inf	94.0
95.0	0.12	0.1403526463901555	2193.0	6.0	0.000659	inf	95.0
96.0	0.56	0.05148726330577928	2673.0	5.0	0.001331	inf	96.0
97.0	0.2	0.059227298812199916	3172.0	3.0	0.001434	inf	97.0
98.0	0.24	0.09601606046589094	3214.0	2.0	0.002304	inf	98.0
99.0	1.56	0.047784188109896555	672.0	3214.0	0.003054	inf	99.0
100.0	0.0	0.037034694920736376	486.0	573.0	0.000806	inf	100.0
101.0	0.36	0.10145693555202605	371.0	486.0	0.000571	inf	101.0
102.0	0.0	0.07390676172170949	470.0	367.0	0.00035	inf	102.0
103.0	0.0	0.10110140944266878	828.0	1.0	0.000443	inf	103.0
104.0	0.52	0.07484990380981309	276.0	828.0	0.000684	inf	104.0
105.0	0.0	0.05415115444181536	304.0	251.0	0.000408	inf	105.0
106.0	0.0	0.11935071935650889	937.0	1.0	0.000336	inf	106.0
107.0	0.36	0.05391621021092058	672.0	937.0	0.00074	inf	107.0
108.0	0.0	0.04707717496464878	1223.0	28.0	0.000457	inf	108.0
109.0	0.0	0.12654027466639706	1880.0	1.0	0.000638	inf	109.0
110.0	0.56	0.04926108446219067	564.0	1.0	0.0008	inf	110.0
111.0	0.0	0.05517061354025464	1231.0	3.0	0.000401	inf	111.0
112.0	0.36	0.15302626907904743	1637.0	2.0	0.000906	inf	112.0
113.0	0.52	0.042843915745447415	663.0	1637.0	0.001637	inf	113.0
114.0	0.0	0.05273368285883193	632.0	647.0	0.000556	inf	114.0
115.0	0.36	0.10585662998956621	1117.0	3.0	0.000536	inf	115.0
116.0	0.12	0.09460163317875597	1761.0	2.0	0.000572	inf	116.0
117.0	0.5599999999999999	0.05460257560730845	738.0	1761.0	0.000918	inf	117.0
118.0	0.0	0.061289649479844846	1234.0	21.0	0.000362	inf	118.0
119.0	0.0	0.132776424314003	463.0	1.0	0.000399	inf	119.0
120.0	0.56	0.07146319726162244	385.0	7.0	0.000341	inf	120.0
121.0	0.24	0.1640664262503731	267.0	7.0	0.000389	inf	121.0
122.0	0.44000000000000006	0.1842637554526966	883.0	7.0	0.000421	inf	122.0
123.0	0.16	0.12461876347524349	660.0	5.0	0.000591	inf	123.0
124.0	0.32	0.11572605258872938	353.0	10.0	0.000403	inf	124.0
125.0	0.2	0.10513648318576896	551.0	10.0	0.000402	inf	125.0
126.0	0.28	0.11599080467293046	370.0	9.0	0.00032	inf	126.0
127.0	0.12	0.0982731724069817	484.0	8.0	0.000491	inf	127.0
128.0	0.12	0.13912260314161973	639.0	5.0	0.000575	inf	128.0
129.0	0.48000000000000004	0.062476577641787795	801.0	4.0	0.000415	inf	129.0
130.0	0.16	0.13953252975127792	902.0	2.0	0.000799	inf	130.0
131.0	0.0	0.09911118242139696	1268.0	1.0	0.000599	inf	131.0
132.0	3.240000000000001	0.061121357890690696	541.0	1268.0	0.001024	inf	132.0
133.0	0.0	0.05801924997103416	339.0	535.0	0.000466	inf	133.0
134.0	0.44	0.0906092478592292	477.0	339.0	0.000454	inf	134.0
135.0	0.0	0.07561789999986611	20.0	476.0	0.000549	inf	135.0
136.0	0.64	0.033102164737501764	22.0	2.0	6.1e-05	inf	136.0
137.0	0.92	0.06906037690560175	436.0	22.0	4.2e-05	inf	137.0
138.0	0.0	0.0858615891123447	481.0	420.0	0.00048	inf	138.0
139.0	0.0	0.06786212818812994	763.0	1.0	0.000328	inf	139.0
140.0	0.44	0.09129704167400063	271.0	763.0	0.000586	inf	140.0
141.0	0.0	0.0443214767087293	1121.0	179.0	0.000396	inf	141.0
142.0	0.68	0.11687636281162558	455.0	5.0	0.000571	4.609012069013291	142.0
143.0	0.32	0.18414475957806928	386.0	10.0	0.000235	4.5841608788599055	143.0
144.0	0.24	0.10157740414683837	279.0	11.0	0.00026	4.5841608788599055	144.0
145.0	0.24	0.2108084931755568	558.0	12.0	0.00038	4.5841608788599055	145.0
146.0	0.24	0.13724227210654993	725.0	9.0	0.000495	4.5841608788599055	146.0
147.0	0.24	0.11629812332721418	749.0	7.0	0.0006	4.5841608788599055	147.0
148.0	0.28	0.14159664699633445	951.0	5.0	0.00071	4.5841608788599055	148.0
