loops	prediction	trackerror	treesize	prunetreesize
1.0	0.0	0.0	789.0	0.0
2.0	0.0	4.79600017208644e-07	1471.0	303.0
3.0	0.4	0.018983441749640336	1392.0	7.0
4.0	0.2	0.06021902546286649	2658.0	8.0
5.0	0.2	0.15307482626779664	5009.0	8.0
6.0	0.1	0.138713317521067	7311.0	7.0
7.0	0.30000000000000004	0.14919768117423696	7792.0	6.0
8.0	0.6000000000000001	0.1450415234181703	8006.0	7.0
9.0	0.1	0.057540699332795736	7270.0	11.0
10.0	0.1	0.14999286938428896	7760.0	11.0
11.0	0.2	0.25425348229228273	8886.0	11.0
12.0	0.1	0.18207407615175475	9476.0	9.0
13.0	0.1	0.14175051448575013	10636.0	8.0
14.0	0.1	0.06318091644196476	10238.0	7.0
15.0	0.1	0.06977472319101762	10867.0	7.0
16.0	0.30000000000000004	0.15769496688530552	11711.0	6.0
17.0	0.1	0.11761695740920405	12867.0	4.0
18.0	1.0	0.05678138096108896	14681.0	4.0
19.0	1.2000000000000002	0.09478966138059004	15331.0	12.0
20.0	0.1	0.1321902924794838	16095.0	11.0
21.0	0.2	0.1219732328393425	7979.0	12.0
22.0	0.2	0.0702765103578345	7457.0	13.0
23.0	0.2	0.05910241771463556	7686.0	13.0
24.0	0.1	0.062488273808732106	8067.0	12.0
25.0	0.1	0.12124326967738663	8715.0	12.0
26.0	0.2	0.12473149446992725	10462.0	12.0
27.0	0.2	0.09754197398087341	10770.0	12.0
28.0	0.1	0.08904639663951602	11026.0	12.0
29.0	0.1	0.13510955856813525	11226.0	12.0
30.0	0.1	0.15740951412525162	12212.0	12.0
31.0	0.1	0.20252959813965937	12983.0	12.0
32.0	0.2	0.19498990133841834	13522.0	12.0
33.0	0.1	0.08492561275166537	13812.0	12.0
34.0	0.1	0.07517958551481789	14961.0	12.0
35.0	0.2	0.05550391409642046	4565.0	11.0
36.0	0.1	0.12845170214069132	5092.0	10.0
37.0	0.2	0.1254674155819779	5590.0	10.0
38.0	0.1	0.04860380694687986	8736.0	8.0
39.0	0.30000000000000004	0.14597078209666794	9114.0	7.0
40.0	0.2	0.15092225775040713	9631.0	7.0
41.0	0.5	0.07130508048045724	9665.0	7.0
42.0	0.2	0.05556129625791324	10089.0	10.0
43.0	0.2	0.062254825138716795	10690.0	10.0
44.0	0.1	0.20568878691745676	11464.0	10.0
45.0	0.4	0.13667887624938263	3880.0	11.0
46.0	0.0	0.21549529895892727	4804.0	11.0
47.0	0.2	0.17010253840248427	6477.0	10.0
48.0	0.2	0.211513423940628	7897.0	9.0
49.0	0.1	0.08020115654987199	4444.0	7.0
50.0	0.1	0.06313231166777133	5348.0	8.0
51.0	0.30000000000000004	0.117794247629497	4665.0	7.0
52.0	0.30000000000000004	0.13688512194800168	5301.0	8.0
53.0	0.2	0.13770300768641108	3674.0	11.0
54.0	0.2	0.08494274847352982	3907.0	12.0
55.0	0.1	0.09486699484735868	4454.0	11.0
56.0	0.1	0.1703425110703127	5505.0	10.0
57.0	0.2	0.07455263555509788	6438.0	9.0
58.0	0.2	0.12114454766329474	6684.0	8.0
59.0	0.1	0.06211829709766842	6918.0	7.0
60.0	0.30000000000000004	0.15527427937733543	6970.0	6.0
61.0	0.30000000000000004	0.07468795008974145	7416.0	6.0
62.0	0.2	0.1494523769651981	8169.0	9.0
63.0	0.2	0.2267193401081701	8971.0	8.0
64.0	0.4	0.1708202671503111	6046.0	7.0
65.0	0.0	0.06497209244693829	7189.0	9.0
66.0	0.0	0.08819197334283936	7594.0	8.0
67.0	0.7000000000000001	0.06917421642921927	5965.0	7.0
68.0	0.0	0.16004356559250096	6551.0	9.0
69.0	0.2	0.1062323080992227	8276.0	7.0
70.0	0.6000000000000001	0.09711224960454448	7520.0	6.0
71.0	0.2	0.12628754756292132	7958.0	6.0
72.0	0.2	0.05888469959384653	6608.0	4.0
73.0	0.8	0.10856886492965902	7267.0	5.0
74.0	0.2	0.10512066366324488	7504.0	6.0
75.0	0.2	0.08039836940372053	7295.0	6.0
76.0	0.30000000000000004	0.15489320101719684	7710.0	6.0
77.0	0.30000000000000004	0.07344668072748245	7953.0	8.0
78.0	0.2	0.09806108285071177	8599.0	9.0
79.0	0.30000000000000004	0.0741530877345801	8691.0	8.0
80.0	0.2	0.10855650579557675	9295.0	7.0
81.0	0.0	0.04293306951415204	10283.0	5.0
82.0	0.6000000000000001	0.04821446716093531	9918.0	4.0
83.0	2.5	0.02299379732113453	9288.0	8.0
84.0	0.2	0.12227654146065366	10272.0	9.0
85.0	0.0	0.047556963181922686	10901.0	7.0
86.0	0.7000000000000001	0.1471036779295336	11214.0	6.0
87.0	0.0	0.06108469447701652	11711.0	7.0
88.0	0.30000000000000004	0.15233947243226	650.0	6.0
89.0	0.4	0.07003148427197568	910.0	7.0
90.0	0.2	0.0681663533170466	1641.0	5.0
91.0	0.4	0.0789077659673387	701.0	4.0
92.0	0.6000000000000001	0.08551819676447907	508.0	7.0
93.0	0.1	0.09372902705018776	941.0	7.0
94.0	0.2	0.12093297049255144	1481.0	6.0
95.0	0.1	0.04739842299759	2397.0	4.0
96.0	0.1	0.10533119709723182	2843.0	3.0
97.0	1.4000000000000001	0.05358272282648543	836.0	2843.0
98.0	0.0	0.032125916864598994	491.0	835.0
99.0	0.4	0.024004314408526614	284.0	5.0
100.0	0.4	0.14555433055606873	1009.0	6.0
101.0	0.2	0.06809910597115973	1500.0	4.0
102.0	0.0	0.1247068077327881	2197.0	5.0
103.0	0.30000000000000004	0.12791056255460054	1177.0	5.0
104.0	0.5	0.1370369505993757	1783.0	7.0
105.0	0.2	0.05947363386769752	3125.0	8.0
106.0	0.1	0.05103008421947761	4568.0	6.0
107.0	0.7000000000000001	0.13665073947755857	5535.0	5.0
108.0	0.2	0.1457703281846456	6835.0	2.0
109.0	0.0	0.0451033396274676	1142.0	6835.0
110.0	0.0	0.008011144786905698	736.0	1140.0
111.0	0.4	0.05895378780110791	442.0	9.0
112.0	0.1	0.12205605649980118	1002.0	11.0
113.0	0.1	0.22275310099694043	1623.0	10.0
114.0	0.2	0.11245748712646897	143.0	9.0
115.0	0.1	0.064788543597018	568.0	9.0
116.0	0.1	0.07801091435813401	361.0	8.0
117.0	0.1	0.14583781294010945	1067.0	9.0
118.0	0.30000000000000004	0.11201237282802698	122.0	8.0
119.0	0.4	0.10672210428850354	707.0	9.0
120.0	0.1	0.05315337674499172	2707.0	7.0
121.0	0.2	0.07534270424946078	3510.0	6.0
122.0	0.1	0.05519766955335227	4160.0	4.0
123.0	0.2	0.1379692624642126	5663.0	3.0
124.0	0.0	0.0767386888080264	790.0	5663.0
125.0	0.0	0.052610716444079025	1107.0	781.0
126.0	0.5	0.12228274845343698	2308.0	5.0
127.0	0.2	0.0687660921866744	3473.0	6.0
128.0	0.2	0.060299902650829365	4392.0	5.0
129.0	0.9	0.1337102886229505	5160.0	5.0
130.0	0.1	0.08244938708325822	5769.0	9.0
131.0	0.1	0.03802391349980167	6953.0	8.0
132.0	0.1	0.12843006599681836	7558.0	7.0
133.0	0.2	0.21615082693679225	8471.0	6.0
134.0	0.1	0.1333894727727144	10573.0	4.0
135.0	0.2	0.11255025316117959	11358.0	3.0
136.0	0.0	0.05314940147171438	317.0	11358.0
137.0	0.0	0.02830908513511559	874.0	211.0
138.0	0.4	0.04420154964424122	1296.0	5.0
139.0	0.2	0.15295874384413286	1395.0	4.0
140.0	0.4	0.0948753169419603	2216.0	6.0
141.0	0.2	0.012284928775390431	3002.0	5.0
142.0	0.6000000000000001	0.07745720918854243	4894.0	5.0
143.0	0.5	0.11639896996910233	5371.0	3.0
144.0	0.0	0.033166817183118764	5751.0	1.0
145.0	0.0	0.03796962024595724	1679.0	5751.0
146.0	0.0	0.001932536505978228	2340.0	26.0
147.0	0.5	0.056513436941293196	3061.0	5.0
148.0	0.2	0.09638655026663874	4249.0	4.0
149.0	0.2	0.1424570056779807	6421.0	3.0
150.0	1.2999999999999998	0.041276279303574116	989.0	6421.0
151.0	0.0	0.003765983850002372	952.0	937.0
152.0	0.4	0.041665413765501425	2021.0	7.0
153.0	0.2	0.08660299180292967	2936.0	6.0
154.0	0.2	0.060059599720170456	3962.0	5.0
155.0	0.1	0.20837298838000387	4890.0	3.0
156.0	1.3	0.0994266004711468	1585.0	2.0
157.0	0.4	0.10809426835975271	1007.0	10.0
158.0	0.1	0.036576755959323755	3566.0	10.0
159.0	0.30000000000000004	0.16492335253375534	4097.0	9.0
160.0	0.1	0.11099075687575927	4524.0	6.0
161.0	0.1	0.06370183622856067	5352.0	5.0
162.0	0.1	0.03739520058636433	6667.0	4.0
163.0	0.30000000000000004	0.1265085154664443	8274.0	3.0
164.0	1.7	0.04242063995015524	901.0	8274.0
165.0	0.0	0.008678293723309239	2004.0	487.0
166.0	0.4	0.04903888964693779	1542.0	9.0
167.0	0.1	0.15325363138929718	1998.0	10.0
168.0	0.2	0.12296123530455949	1209.0	10.0
169.0	0.1	0.06675112146819356	2137.0	9.0
170.0	0.1	0.09888288903292426	894.0	8.0
171.0	0.2	0.0708832917777048	1697.0	8.0
172.0	0.2	0.07519727503043983	1931.0	6.0
173.0	0.4	0.08482144389633949	1085.0	7.0
174.0	0.2	0.133341346427949	1673.0	9.0
175.0	0.4	0.1991804710439139	1004.0	9.0
176.0	0.2	0.19090263226166312	2462.0	8.0
177.0	0.2	0.14525130543211423	4537.0	7.0
178.0	0.5	0.14189542996278023	5798.0	5.0
179.0	0.2	0.0555537393941763	6213.0	3.0
180.0	0.0	0.10079919572492292	1241.0	6213.0
181.0	0.0	0.11052222873977607	1413.0	1076.0
182.0	0.5	0.04856825568879754	2680.0	4.0
183.0	0.4	0.1133245191877698	6741.0	3.0
184.0	1.0999999999999999	0.039897696385431676	1219.0	6741.0
185.0	0.0	0.0010062612678448804	1393.0	1218.0
186.0	0.5	0.08761987255731797	1212.0	5.0
187.0	0.2	0.058266749068967595	2288.0	6.0
188.0	0.2	0.13317734517495927	1474.0	6.0
189.0	0.4	0.09583583913039276	1026.0	6.0
190.0	0.6000000000000001	0.09711472653658025	664.0	7.0
191.0	0.1	0.0532592519048026	838.0	11.0
192.0	0.2	0.1531306221517746	1006.0	10.0
193.0	0.1	0.08237292640040382	1486.0	9.0
194.0	0.1	0.16072268653215047	1680.0	8.0
195.0	0.2	0.07569939885601694	1135.0	7.0
196.0	0.1	0.16778512381470537	1718.0	6.0
197.0	0.4	0.1118719648358861	1789.0	5.0
198.0	0.30000000000000004	0.03277616290522531	1636.0	4.0
199.0	0.4	0.11605834426607511	1943.0	4.0
200.0	0.6000000000000001	0.04650820977632681	3126.0	4.0
201.0	0.7000000000000001	0.10187061775146689	756.0	4.0
202.0	0.30000000000000004	0.05087133813437085	1761.0	11.0
203.0	0.0	0.0777112497885265	2854.0	12.0
204.0	0.2	0.09584662207818574	3846.0	10.0
205.0	0.1	0.16590338139464386	4790.0	8.0
206.0	0.1	0.09925644763013303	5610.0	6.0
207.0	0.1	0.044743357619336	8441.0	5.0
208.0	0.7	0.048842225382672376	8869.0	4.0
209.0	2.400000000000001	0.044348150517281124	1159.0	8869.0
210.0	0.0	0.016419963309344643	1235.0	1107.0
211.0	0.4	0.09159591206806562	45.0	9.0
212.0	0.1	0.05376430100300475	95.0	11.0
213.0	0.1	0.12854264502113352	95.0	11.0
214.0	0.1	0.22022167098678144	189.0	11.0
215.0	0.1	0.24981595758510694	155.0	11.0
216.0	0.2	0.24140882345047043	1691.0	11.0
217.0	0.1	0.05008493759571433	1205.0	11.0
218.0	0.1	0.13969965182905295	718.0	11.0
219.0	0.30000000000000004	0.11854208491207968	1646.0	11.0
220.0	0.2	0.06335395721555966	2449.0	11.0
221.0	0.1	0.0556430593138054	3142.0	10.0
222.0	0.1	0.11407536601393249	4037.0	10.0
223.0	0.1	0.25492772315282	4539.0	9.0
224.0	0.2	0.2528446403194881	5455.0	9.0
225.0	0.1	0.1385558995159322	6213.0	7.0
226.0	0.1	0.07321117775969109	6572.0	6.0
227.0	0.2	0.13907454450113513	6836.0	5.0
228.0	0.4	0.055282787776314964	7295.0	4.0
229.0	0.0	0.09195042616987743	655.0	7295.0
230.0	0.0	0.10751897579228901	1308.0	378.0
231.0	0.6000000000000001	0.1868218799945676	3241.0	7.0
232.0	0.1	0.05762254499927604	3954.0	5.0
233.0	0.2	0.14807889416984263	174.0	4.0
234.0	0.1	0.05380205584225738	906.0	6.0
235.0	0.2	0.0808153506258435	2544.0	6.0
236.0	0.5	0.1540878626274773	3177.0	5.0
237.0	0.4	0.19770429817151594	3708.0	3.0
238.0	0.0	0.10624251990420587	649.0	3708.0
239.0	0.0	0.07625449186373369	761.0	646.0
240.0	0.4	0.09705910753169698	1479.0	9.0
241.0	0.1	0.055666271434158206	2243.0	11.0
242.0	0.0	0.13850600334434168	587.0	11.0
243.0	0.1	0.17637340637254753	811.0	7.0
244.0	0.1	0.10830585277322152	1784.0	7.0
245.0	0.1	0.0970983470473309	2458.0	6.0
246.0	0.7	0.2149353703160369	3638.0	5.0
247.0	0.2	0.11847475180252093	4346.0	2.0
248.0	1.4	0.05281920420133419	729.0	4346.0
249.0	0.0	0.04423409961366536	1775.0	398.0
250.0	0.4	0.06199166338904045	1382.0	9.0
251.0	0.1	0.07997913563270935	222.0	10.0
252.0	0.1	0.16641681657978505	717.0	11.0
253.0	0.2	0.26456206675659594	48.0	10.0
254.0	0.1	0.19217550396952807	196.0	9.0
255.0	0.1	0.14328276706356838	523.0	9.0
256.0	0.1	0.10485565992655939	815.0	8.0
257.0	0.1	0.04488571740025822	2052.0	9.0
258.0	0.1	0.2020714046854336	428.0	8.0
259.0	0.5	0.10485865137440313	416.0	9.0
260.0	0.2	0.09835194487580123	1395.0	11.0
261.0	0.1	0.04486515419063362	4700.0	9.0
262.0	0.2	0.22979880679553033	5683.0	8.0
263.0	0.2	0.14816876825525488	6239.0	6.0
