loops	prediction	trackerror	treesize	prunetreesize	prunetime	bestcost	time
1.0	0.0	0.0	1265.0	0.0	3.5e-05	inf	1.0
2.0	0.0	6.598828988517042e-07	941.0	1163.0	0.00117	inf	2.0
3.0	0.5	0.12879666049145064	1212.0	8.0	0.00049	inf	3.0
4.0	0.1	0.04825806201782666	1722.0	11.0	0.000656	inf	4.0
5.0	0.1	0.1127107606601089	2435.0	11.0	0.000789	inf	5.0
6.0	0.1	0.20665740194533805	4189.0	11.0	0.001127	inf	6.0
7.0	0.2	0.1481554073448815	4934.0	10.0	0.002432	inf	7.0
8.0	0.1	0.1115221176436433	5488.0	8.0	0.002071	inf	8.0
9.0	0.1	0.067824867496455	1993.0	7.0	0.00121	inf	9.0
10.0	0.2	0.14376071406444718	1694.0	8.0	0.000686	inf	10.0
11.0	0.2	0.06054364660128209	2241.0	7.0	0.001338	inf	11.0
12.0	0.5	0.061499914951568035	1606.0	7.0	0.001001	inf	12.0
13.0	0.2	0.09161094384969175	1838.0	11.0	0.000588	inf	13.0
14.0	0.2	0.0877963481077078	3831.0	12.0	0.002326	inf	14.0
15.0	0.30000000000000004	0.10361293562113894	5716.0	11.0	0.004122	inf	15.0
16.0	0.2	0.05158104041745259	1184.0	8.0	0.001905	inf	16.0
17.0	0.30000000000000004	0.1614603690613267	1544.0	7.0	0.000486	inf	17.0
18.0	0.0	0.0938942019678918	2235.0	6.0	0.000933	inf	18.0
19.0	0.9000000000000001	0.07546195721531058	2065.0	5.0	0.000962	inf	19.0
20.0	2.4000000000000004	0.13118605868596817	1615.0	9.0	0.000814	inf	20.0
21.0	0.1	0.04966836781636361	2447.0	7.0	0.001134	inf	21.0
22.0	0.1	0.1410830291405237	957.0	5.0	0.000926	inf	22.0
23.0	0.30000000000000004	0.101331105800944	1643.0	5.0	0.000565	inf	23.0
24.0	0.2	0.11940584781915208	842.0	4.0	0.001047	inf	24.0
25.0	0.8	0.12606033249531753	718.0	6.0	0.000376	inf	25.0
26.0	0.1	0.15856710556640463	1939.0	13.0	0.00057	inf	26.0
27.0	0.1	0.06992175387671296	3305.0	12.0	0.001215	inf	27.0
28.0	0.1	0.05957093713329734	4276.0	12.0	0.002015	inf	28.0
29.0	0.1	0.17135098457427222	9184.0	12.0	0.002591	inf	29.0
30.0	0.5	0.08165602641137736	2081.0	12.0	0.002886	inf	30.0
31.0	0.1	0.09768032325658577	2858.0	10.0	0.001276	inf	31.0
32.0	0.2	0.14090487354857625	4107.0	9.0	0.001604	inf	32.0
33.0	0.1	0.06664879817350204	5200.0	8.0	0.002466	inf	33.0
34.0	0.2	0.1327259832416116	6422.0	9.0	0.003318	inf	34.0
35.0	0.2	0.06691682965778818	6869.0	9.0	0.003924	inf	35.0
36.0	0.4	0.1374293435896674	7555.0	10.0	0.004128	inf	36.0
37.0	0.1	0.04302719167553114	8231.0	11.0	0.004711	inf	37.0
38.0	0.1	0.11072567233760422	8843.0	12.0	0.004197	inf	38.0
39.0	0.1	0.18717459404254116	8929.0	12.0	0.005654	inf	39.0
40.0	0.1	0.2309126389046004	9613.0	12.0	0.004172	inf	40.0
41.0	0.2	0.21694121568893213	9913.0	12.0	0.004703	inf	41.0
42.0	0.1	0.15821870081947967	9958.0	11.0	0.007146	inf	42.0
43.0	0.1	0.07777076695275267	10272.0	11.0	0.0079	inf	43.0
44.0	0.1	0.12745478665367754	6196.0	10.0	0.004895	inf	44.0
45.0	0.2	0.05669024952921049	7120.0	11.0	0.004045	inf	45.0
46.0	0.2	0.16876875258418678	7840.0	10.0	0.005156	inf	46.0
47.0	0.1	0.07891400301379417	9001.0	8.0	0.004986	inf	47.0
48.0	0.30000000000000004	0.14533458585194803	8114.0	7.0	0.005824	inf	48.0
49.0	0.2	0.052387792401137466	8712.0	11.0	0.00556	inf	49.0
50.0	0.0	0.12507227838175702	9692.0	11.0	0.005843	inf	50.0
51.0	0.5	0.06016972328384051	9342.0	10.0	0.005838	inf	51.0
52.0	0.2	0.11224989719674165	9928.0	13.0	0.00749	inf	52.0
53.0	0.1	0.12823513594187186	10137.0	14.0	0.009195	inf	53.0
54.0	0.1	0.08837739856162231	6695.0	12.0	0.00588	inf	54.0
55.0	0.1	0.055506634072831976	7710.0	12.0	0.004359	inf	55.0
56.0	0.1	0.130850718914246	8374.0	12.0	0.004968	inf	56.0
57.0	0.2	0.15668915799147679	7875.0	12.0	0.005132	inf	57.0
58.0	0.1	0.06295818925362763	8764.0	11.0	0.003714	inf	58.0
59.0	0.2	0.08484208026803633	8245.0	10.0	0.00575	inf	59.0
60.0	0.1	0.049833422424759424	9531.0	9.0	0.005181	inf	60.0
61.0	0.1	0.07911119127604264	10177.0	9.0	0.006439	inf	61.0
62.0	0.1	0.14945671921792836	8229.0	8.0	0.007431	inf	62.0
63.0	0.2	0.09245129050647197	7782.0	8.0	0.005167	inf	63.0
64.0	0.2	0.1390031277647206	8243.0	7.0	0.005871	inf	64.0
65.0	0.4	0.06255291632185729	8233.0	7.0	0.006201	inf	65.0
66.0	0.2	0.16603713286811342	8859.0	9.0	0.005545	inf	66.0
67.0	0.4	0.18281627941464035	4747.0	10.0	0.004015	inf	67.0
68.0	0.2	0.1028067739080846	2725.0	12.0	0.002497	inf	68.0
69.0	0.1	0.08220088061144928	2929.0	13.0	0.003718	inf	69.0
70.0	0.1	0.08220088061144928	1262.0	0.0	6e-06	inf	70.0
71.0	0.0	0.04422846540761982	1181.0	1089.0	0.001348	inf	71.0
72.0	0.8	0.07527612186938737	2602.0	3.0	0.000648	inf	72.0
73.0	1.3000000000000003	0.13025650608532993	3267.0	9.0	0.001439	inf	73.0
74.0	0.2	0.1823175832394092	4346.0	12.0	0.001572	inf	74.0
75.0	0.2	0.11827610473495385	5250.0	11.0	0.002639	inf	75.0
76.0	0.1	0.05961621827083696	5316.0	12.0	0.003223	inf	76.0
77.0	0.1	0.22592960339135035	5055.0	12.0	0.003015	inf	77.0
78.0	0.2	0.2298867256269078	9497.0	12.0	0.002245	inf	78.0
79.0	0.30000000000000004	0.054785358203719714	2114.0	12.0	0.003196	inf	79.0
80.0	0.2	0.13268742684904974	2512.0	13.0	0.001165	inf	80.0
81.0	0.1	0.10951285934848969	3138.0	13.0	0.001256	inf	81.0
82.0	0.1	0.06275568500736627	3976.0	13.0	0.002096	inf	82.0
83.0	0.1	0.04954493274608839	5073.0	13.0	0.002445	inf	83.0
84.0	0.1	0.16339059299432657	8126.0	13.0	0.003288	inf	84.0
85.0	0.2	0.23510330769571647	8675.0	13.0	0.004736	inf	85.0
86.0	0.2	0.2315237465761048	9170.0	13.0	0.005007	inf	86.0
87.0	0.1	0.1902252896402894	10299.0	13.0	0.006958	inf	87.0
88.0	0.1	0.052722264623824636	1356.0	11.0	0.004369	inf	88.0
89.0	0.1	0.07058466675611656	1653.0	12.0	0.000616	inf	89.0
90.0	0.1	0.19532760760582954	2044.0	12.0	0.000671	inf	90.0
91.0	0.2	0.12572112100789118	1461.0	12.0	0.000572	inf	91.0
92.0	0.1	0.0583037708993015	1823.0	12.0	0.000652	inf	92.0
93.0	0.1	0.11965272496913223	1395.0	12.0	0.000904	inf	93.0
94.0	0.1	0.11965272496913223	831.0	0.0	4e-06	inf	94.0
95.0	0.0	0.09823622377163219	1417.0	735.0	0.001033	inf	95.0
96.0	0.5	0.029823601405012598	1442.0	8.0	0.000637	inf	96.0
97.0	0.2	0.21906228160665933	1028.0	12.0	0.000472	inf	97.0
98.0	0.1	0.19332888191095945	1249.0	12.0	0.00063	inf	98.0
99.0	0.1	0.1496629985985927	1160.0	12.0	0.000658	inf	99.0
100.0	0.1	0.1232574506388386	1374.0	12.0	0.000319	inf	100.0
101.0	0.1	0.06526206935101356	1941.0	12.0	0.000507	inf	101.0
102.0	0.2	0.20137405038424863	723.0	12.0	0.0006	inf	102.0
103.0	0.1	0.12883683079288144	1262.0	12.0	0.000414	inf	103.0
104.0	0.1	0.04678022972981313	1269.0	12.0	0.000488	inf	104.0
105.0	0.2	0.23589823687362646	1305.0	12.0	0.000397	inf	105.0
106.0	0.1	0.127977810629911	2218.0	11.0	0.000704	inf	106.0
107.0	0.1	0.09022891980497957	3694.0	11.0	0.001096	inf	107.0
108.0	0.1	0.05604119382960156	6224.0	10.0	0.001737	inf	108.0
109.0	0.2	0.106152641095208	7598.0	9.0	0.003478	inf	109.0
110.0	0.2	0.060805539936374324	7858.0	7.0	0.004666	inf	110.0
111.0	0.1	0.12983218499104057	1457.0	5.0	0.001281	inf	111.0
112.0	0.30000000000000004	0.1061384625499229	934.0	5.0	0.000633	inf	112.0
113.0	0.0	0.13388031635894118	2177.0	4.0	0.000707	inf	113.0
114.0	0.0	0.08233982412231756	1276.0	2177.0	0.001133	inf	114.0
115.0	0.0	0.06573854028668415	1064.0	1264.0	0.001383	inf	115.0
116.0	0.5	0.09753248653199907	2254.0	1064.0	0.00098	inf	116.0
117.0	0.0	0.08450398657112551	923.0	2247.0	0.001792	inf	117.0
118.0	0.5	0.08827425034538701	1228.0	923.0	0.00083	inf	118.0
119.0	0.0	0.07499255287822439	1147.0	1217.0	0.001165	inf	119.0
120.0	0.4	0.08267688400135983	1283.0	1147.0	0.000856	inf	120.0
121.0	0.0	0.09548359145840822	1430.0	1105.0	0.001167	inf	121.0
122.0	0.4	0.07579748457817846	1011.0	1.0	0.000559	inf	122.0
123.0	0.1	0.0676091138384182	1424.0	11.0	0.000707	inf	123.0
124.0	0.1	0.0635568300217681	2748.0	10.0	0.000863	inf	124.0
125.0	0.2	0.1474695546072592	1720.0	10.0	0.001269	inf	125.0
126.0	0.1	0.13035037906530336	2533.0	10.0	0.001268	inf	126.0
127.0	0.1	0.05539610704359738	2822.0	9.0	0.001548	inf	127.0
128.0	0.1	0.07700472929181135	3559.0	9.0	0.001499	inf	128.0
129.0	0.30000000000000004	0.12451525062645762	3022.0	8.0	0.002203	inf	129.0
130.0	0.2	0.10233613110911281	1101.0	8.0	0.000974	inf	130.0
131.0	0.1	0.06395113450684839	1453.0	14.0	0.000723	inf	131.0
132.0	0.30000000000000004	0.16352662447408525	1136.0	13.0	0.000367	inf	132.0
133.0	0.2	0.07681967176163648	1813.0	14.0	0.00071	inf	133.0
134.0	0.0	0.10029452070776551	2676.0	14.0	0.001486	inf	134.0
135.0	0.30000000000000004	0.08883533638813225	620.0	13.0	0.000848	inf	135.0
136.0	0.0	0.08221786641722846	2585.0	12.0	0.000979	inf	136.0
137.0	0.1	0.07965916786957766	2880.0	11.0	0.001554	inf	137.0
138.0	0.1	0.16301413134260173	4076.0	7.0	0.001944	inf	138.0
139.0	0.2	0.04361510205194846	5260.0	6.0	0.002455	inf	139.0
140.0	0.5	0.09939011284443812	5615.0	5.0	0.003336	inf	140.0
141.0	0.7000000000000001	0.1334969923575546	6221.0	3.0	0.003928	inf	141.0
142.0	0.4	0.039323901914114445	517.0	6221.0	0.005739	inf	142.0
143.0	0.0	0.04932600555316618	734.0	186.0	0.000644	inf	143.0
144.0	0.4	0.06818811219827281	689.0	734.0	0.000693	inf	144.0
145.0	0.0	0.08338931662850226	1042.0	552.0	0.000746	inf	145.0
146.0	0.4	0.12295108874627605	587.0	1.0	0.000564	inf	146.0
147.0	0.1	0.11317784020769898	1305.0	587.0	0.000508	inf	147.0
148.0	0.0	0.10186810847106491	1294.0	352.0	0.000964	inf	148.0
149.0	0.5	0.12212876455206824	758.0	1294.0	0.001187	inf	149.0
150.0	0.0	0.09858269428688624	1394.0	393.0	0.000716	inf	150.0
151.0	0.5	0.08032745007925336	734.0	1394.0	0.002232	inf	151.0
152.0	0.0	0.06793663797367837	1346.0	310.0	0.000639	inf	152.0
153.0	0.4	0.041570506782190694	832.0	1346.0	0.00104	inf	153.0
154.0	0.0	0.038205887587223805	538.0	757.0	0.000748	inf	154.0
155.0	0.5	0.07130261875892217	447.0	538.0	0.000413	inf	155.0
156.0	0.0	0.06749764422653884	494.0	440.0	0.000631	inf	156.0
157.0	0.5	0.1203546307780472	597.0	494.0	0.000516	inf	157.0
158.0	0.0	0.10338647495179282	679.0	591.0	0.000625	inf	158.0
159.0	0.5	0.11993630288404868	335.0	2.0	0.000418	inf	159.0
160.0	0.6	0.030520892990785958	395.0	11.0	0.000181	5.579348765050435	160.0
161.0	0.1	0.10350814754073584	367.0	11.0	0.000151	5.579348765050435	161.0
162.0	0.2	0.13556931380050052	487.0	11.0	0.000453	5.579348765050435	162.0
163.0	0.2	0.07983352754573045	1087.0	11.0	0.00044	5.579348765050435	163.0
164.0	0.1	0.09592924396706509	2508.0	10.0	0.000983	5.579348765050435	164.0
165.0	0.2	0.17112212526158102	3278.0	9.0	0.001379	5.579348765050435	165.0
166.0	0.1	0.09094775481356836	4017.0	7.0	0.0015	5.579348765050435	166.0
167.0	0.1	0.05917861070213185	4793.0	6.0	0.001984	5.579348765050435	167.0
168.0	0.1	0.14873994657910805	5402.0	5.0	0.002825	5.579348765050435	168.0
169.0	0.2	0.07001147779597947	6588.0	4.0	0.003599	5.579348765050435	169.0
